-0.0760673       -0.0071474       0.0234096       
0.0526840        0.1427513        0.1133459       
0.1323754        0.0124242        -0.0300258      
0.0803388        0.1258467        -0.0553878      
0.0763770        -0.0317287       0.0607120       
0.0332876        -0.0008624       -0.0528979      
0.0523431        0.0648409        -0.0968410      
0.0169665        -0.1046472       -0.0717177      
0.1048175        -0.0765952       0.1107824       
0.0925743        -0.1358485       0.0597980       
0.0084842        -0.0503704       -0.0378145      
-0.0948629       0.0727906        -0.0778818      
0.0998729        -0.0667758       0.0837832       
-0.0087993       -0.0819122       0.1036170       
0.0044196        0.0112961        -0.0989870      
0.1304318        -0.0248640       -0.0817521      
0.0469551        0.0490083        0.0300272       
-0.0694990       0.0223833        -0.1080615      
0.0744618        0.1082977        0.0088295       
-0.0488271       -0.1922456       -0.0077577      
0.0904354        0.0299684        0.1043127       
0.0593607        0.0993313        -0.0229319      
0.0317303        0.0677750        0.1066205       
-0.1781867       -0.0076403       0.0413229       
0.0642732        -0.0959239       0.0068212       
0.0657825        0.0531492        0.0806517       
0.0641861        0.0508279        -0.0799347      
-0.0515322       0.0764969        0.0411753       
-0.0816970       -0.0238122       0.0948398       
0.0390360        0.0753415        0.0768349       
-0.0315751       -0.0990651       -0.0832099      
0.0286835        -0.0893786       0.0525104       
0.0240549        -0.0100331       -0.1496842      
-0.1202162       -0.0877344       0.0180976       
0.0598072        0.1371270        0.0218365       
0.0304075        -0.0477132       0.0004047       
0.0747466        0.0803450        -0.1007146      
0.0702670        0.1305329        -0.0562953      
-0.1080941       0.0757861        -0.0426145      
-0.0423308       0.0950222        -0.0445671      
0.0061946        0.1470603        -0.1031513      
0.0639134        -0.1254188       -0.0617360      
0.0241487        -0.0919210       -0.0491275      
0.0481295        0.0267067        -0.0338072      
-0.0222043       0.0485441        0.0041389       
0.0017567        -0.1201769       0.0659583       
0.0447433        0.0120443        -0.0987232      
0.1839160        0.0818982        -0.0187917      
0.0121317        -0.1144604       -0.0695401      
0.0782728        0.0105619        -0.0665351      
-0.0273883       -0.1075436       0.0633361       
-0.1095041       0.0837453        -0.0205440      
-0.0791020       -0.0229961       -0.0419188      
-0.0559811       0.0836566        -0.0936990      
0.1200918        0.0493290        -0.0429862      
-0.0312840       -0.1353976       -0.0490418      
0.1108514        0.0087415        -0.0114875      
0.0477034        0.0118572        -0.0664712      
-0.0571967       0.0652128        0.0862349       
-0.1319467       0.0322265        -0.0158071      
0.0398813        0.1619475        0.0217936       
-0.1381166       -0.0394910       -0.0682249      
-0.0217733       0.1129648        -0.0353244      
-0.1590327       0.0074812        -0.0414135      
0.0302051        0.0620287        -0.0461376      
-0.0554354       0.0598375        0.0266324       
-0.1689226       0.0152508        0.0262911       
-0.0722483       -0.0439541       0.0962580       
-0.0958310       0.0169833        -0.0542356      
-0.0709257       0.0713326        0.0862647       
-0.0851182       0.0524748        -0.1089442      
-0.0533673       0.0607227        -0.1140365      
-0.0988177       -0.0524604       0.0208706       
0.1216069        -0.0058161       0.0588744       
0.0748005        -0.1092582       -0.0435693      
-0.0534819       0.0054106        -0.1308460      
0.1542617        0.0608918        0.0496088       
0.0403624        0.0128796        0.0543093       
-0.0572105       0.0902042        -0.0665942      
-0.0248871       -0.0760262       -0.0580931      
-0.0022010       -0.1049214       -0.0958900      
0.1694114        -0.0139056       0.1220756       
-0.0738266       0.1130482        -0.0258392      
-0.0473756       -0.0364530       0.1113277       
-0.0086625       0.0688499        -0.0496165      
-0.0720811       -0.0279581       0.0993738       
-0.0890055       0.0373236        0.0794275       
-0.1223050       -0.0387408       -0.1096351      
0.0171736        0.0643258        -0.0244351      
0.0544703        -0.0863625       0.0580432       
-0.0210304       0.0411762        0.0618151       
-0.0794307       0.0919646        -0.1254173      
-0.0125811       0.1755824        -0.0160227      
0.0854260        0.0503153        -0.0484376      
-0.0509120       -0.0096214       -0.1565887      
0.0471662        -0.0566538       -0.1456134      
0.0430191        0.1157341        -0.0611917      
0.0191605        -0.1270978       -0.0011170      
0.0062213        -0.1169280       -0.0261339      
0.0808229        0.1424232        -0.0309162      
-0.0175863       0.0034667        0.1006905       
-0.1271748       -0.1435335       0.0362689       
-0.1273290       -0.0736334       -0.0235794      
0.0445430        -0.1239301       0.0654118       
0.0198075        -0.0092558       0.1286166       
-0.1324779       -0.0590573       -0.0797149      
0.0591699        0.1317154        0.0296597       
0.0295547        -0.1010918       0.1150205       
-0.0282021       -0.0473893       0.1554706       
0.1028090        -0.0820599       -0.1071078      
-0.1058223       -0.0613061       -0.0181931      
-0.0633863       0.1061145        0.0553464       
-0.0073028       -0.2211601       0.0401017       
0.1990634        0.0254839        -0.0230345      
0.0984965        -0.0038256       -0.1083413      
0.0153249        -0.2043159       -0.1233276      
-0.0077004       0.0374925        0.1097588       
-0.0923146       -0.0594814       -0.0011787      
-0.1097189       0.0270397        -0.0308921      
-0.0710559       0.1353722        -0.0729680      
0.0602746        -0.0334704       -0.0468777      
0.0410898        0.2138429        -0.0779413      
-0.1008759       -0.1127381       -0.0211314      
-0.0715733       0.0666373        -0.0955489      
-0.0868602       0.0193997        -0.1333222      
0.0677243        -0.1891201       -0.0014157      
0.0607318        0.0532470        0.0832673       
0.0441340        0.0250548        -0.1826166      
-0.0912268       0.0016682        0.1255927       
-0.1126572       0.0062756        -0.0022830      
-0.1234243       0.0309585        -0.0117011      
0.0318997        -0.0172122       -0.1538986      
-0.0491878       0.0708033        -0.0399345      
0.0112572        -0.0364923       0.1285184       
-0.0846921       0.0452805        -0.1243061      
-0.0812379       0.1196438        0.0608527       
0.0828659        -0.0495349       0.0892933       
-0.1215061       -0.0255837       -0.0965864      
0.0856658        -0.1147549       -0.0668039      
0.0692197        -0.0768058       0.0056224       
-0.1329637       0.1682812        0.0586653       
-0.1302747       0.1232132        0.0443115       
-0.0582798       -0.0576447       0.0407266       
0.0678780        -0.0087022       0.1053538       
0.1066070        0.0980040        0.0288322       
-0.1105095       0.0196836        0.0959339       
-0.0396716       -0.0544714       -0.0233332      
0.0907187        -0.1168757       -0.0205698      
-0.1589002       -0.0331677       0.0172510       
-0.0297862       -0.0311078       0.1054243       
-0.0528043       -0.0599218       0.0850085       
-0.0499015       0.0649054        0.1383270       
0.1366687        -0.0200103       -0.0514913      
-0.0837759       0.0640539        -0.0382686      
-0.0120870       -0.1656193       -0.0581948      
-0.0774044       -0.0168605       0.1042864       
0.0887701        -0.0112440       0.1044514       
0.0670356        0.0550080        -0.1439347      
-0.0524600       0.0558588        -0.0414619      
0.1013954        0.0983269        -0.1097469      
-0.1392622       -0.0743270       -0.0672304      
-0.0455335       -0.1292542       0.0486288       
0.1017321        0.0489222        -0.0747456      
-0.0352064       0.0018267        0.1267016       
-0.0582813       -0.1778032       -0.0302176      
0.1742858        0.0335640        0.0627505       
-0.0347694       -0.0707946       0.1207038       
0.0028734        0.1056594        -0.1677396      
0.1361055        0.0809975        0.0068687       
-0.1578198       -0.1430555       -0.0130863      
0.1647763        0.0856830        0.1350622       
-0.0711990       -0.1452044       -0.1228497      
0.0502581        0.0333718        -0.1534874      
-0.0241673       -0.0580076       0.1072686       
-0.1083107       -0.0688669       0.0090996       
0.0669472        -0.1550114       0.0632494       
0.2174353        -0.0160942       0.0422137       
-0.0182229       -0.0376973       0.1506749       
-0.0329338       0.1312100        -0.1079812      
0.1346235        -0.1336413       0.1081716       
0.1374251        0.0959970        0.0570024       
-0.0532219       0.0577343        0.1007238       
-0.1742273       0.0276326        0.0830154       
0.0595428        0.0274712        0.1870407       
0.0433951        0.1871560        0.0380972       
-0.0439049       -0.1706101       0.0826219       
0.0768531        0.1372159        -0.0044991      
0.0404385        0.0629701        -0.1188057      
-0.1345155       -0.0563222       -0.0498032      
-0.0454716       0.2058907        0.0642540       
-0.0448317       0.0397518        -0.1611853      
-0.1550870       0.0907042        -0.0096016      
-0.0928272       0.1281338        0.1091870       
0.0630623        -0.0608071       0.1696886       
0.0952238        -0.1611733       0.0508109       
-0.0940118       0.1544105        0.0829641       
0.2082307        0.0150144        -0.0127542      
0.0153413        -0.0008141       -0.1069469      
0.1050004        -0.0764704       0.0752037       
0.1645600        -0.0712538       0.0106836       
-0.0975017       -0.1114027       0.0738463       
0.1353002        0.0400969        -0.1130803      
-0.0807446       -0.0276764       -0.1669113      
0.0911271        0.0556066        0.0112304       
0.1369770        0.1104831        0.0327125       
-0.0596644       -0.2019018       0.1580686       
0.1052239        -0.1400840       0.1143700       
0.0305984        -0.0407885       0.1502304       
-0.0940316       -0.0588707       0.0094670       
0.0630186        -0.0572927       -0.0344769      
0.0802040        0.1758202        0.0730447       
0.0075041        -0.0094042       0.1856344       
-0.1552011       -0.0556760       0.1936436       
-0.1746579       -0.0284613       -0.1781462      
0.2122070        0.0330502        -0.0471415      
0.0506334        -0.1092805       -0.0882519      
