0.7112783        -0.2643757       0.2100402       
-1.0431545       -0.2115594       -0.7853581      
-1.3158586       0.1569089        0.3354933       
-0.7975821       0.5722439        0.1914518       
-0.6590918       0.4327417        0.8417656       
-0.0121560       -0.2787389       -0.6064678      
0.5712061        0.9929169        -0.2524629      
0.3352917        0.4366172        -0.1949536      
0.2735770        -1.0029243       -0.1546052      
-0.6840368       -0.4492926       0.4878871       
-0.5505400       -0.5671214       -0.3294955      
0.5951130        -0.5260775       -0.2874931      
-0.4761173       0.0813622        -0.3681555      
-0.3457878       -1.0809988       -0.3509096      
-1.3720021       0.4649560        0.1415206       
0.1913888        0.9027987        -0.4433434      
0.0844649        0.2605738        0.3017577       
-0.4475446       -0.1293442       0.5194011       
0.3768430        -0.3165517       0.8384536       
-0.0500197       0.8188307        -0.9710702      
-1.1007024       0.4249203        0.1490933       
-1.1449309       -0.4363914       -0.7490905      
-0.7092863       0.9422452        0.6276706       
0.5208007        0.0472062        0.0440842       
0.6420463        -0.2849244       -0.2978657      
-0.7295063       -0.1675082       -0.7005093      
-0.9227856       0.3730393        0.0569647       
-0.5766525       -0.5406620       -1.1547191      
0.5378147        -0.5734059       0.2333314       
0.1909123        0.3213119        0.6239784       
0.0496286        0.3034964        -0.5963570      
-0.3598077       0.5410489        -0.5168397      
1.0256617        -0.1726078       0.0828033       
0.3092315        0.0631621        0.8791428       
0.0661203        -0.6928053       -0.6782660      
-0.1138388       1.1139727        0.1378563       
0.0082886        1.1192288        0.5934820       
-0.0965692       0.0127973        0.2045712       
-0.0575799       0.2003884        1.3798446       
-0.1137155       0.1697858        0.3560491       
-1.3161617       0.6723109        0.6274838       
-0.7668480       -1.2713152       -0.4552047      
-0.3591803       -0.2412558       -0.5935384      
-0.5296521       0.5948691        0.5836735       
-0.1732372       0.3835979        0.9081994       
-0.4298185       0.0985352        -0.3187087      
0.7264199        -0.7578456       -0.3709398      
-0.8961022       -0.0589465       0.1259653       
-0.3905507       0.3997794        0.2969256       
0.0037835        1.3060746        -0.2013238      
0.5128160        -0.7693537       0.3173784       
0.8367861        0.4520194        0.0151554       
0.4414314        0.2360414        0.8008150       
-0.1042421       -1.1054438       -0.6682268      
-0.1417726       0.8643433        0.1991104       
-0.1110086       0.3984858        -0.8906002      
0.2046640        -0.2921519       -0.3528524      
0.8857367        -0.4489510       0.3519248       
-0.4089281       0.3528067        1.1474714       
-0.9716947       -0.1922102       0.1678935       
0.1825102        -0.7963533       0.5766410       
0.1825666        0.9258719        -0.0888024      
0.3771991        0.3150796        -0.0088696      
-0.0178123       0.4020885        -0.3869856      
0.2017482        -0.0290773       -0.4504874      
1.0226479        -0.3405420       0.2549652       
0.3417294        0.4119526        0.3373605       
-0.4827793       -0.0047994       0.6300300       
0.0708644        0.7087773        0.6065342       
0.2409832        -0.4087118       0.9266501       
0.4275821        0.4658897        -1.2086063      
-0.7615936       0.3244430        -0.8650320      
-0.0608816       0.4856346        0.2689645       
0.4103076        0.4893486        -0.3837334      
0.0740760        -0.1063692       0.7678186       
0.7248101        0.8148665        -0.0178631      
-1.0799352       -0.5626361       -0.1034196      
-0.7916381       0.2255828        0.2078923       
-0.2358420       0.7955156        1.1402691       
-0.8243989       -0.8234630       -0.1623331      
-0.1035265       -0.7342940       0.3339314       
0.5872626        0.0079072        -0.1784199      
-1.1305789       0.4065021        -0.4953150      
0.4449274        -0.7991417       -0.1414975      
0.7839920        -0.1543649       -0.2256070      
0.9147180        -0.3077336       -0.0943462      
0.5790976        -0.1524091       -0.4235683      
0.3886896        0.0973791        -0.2128108      
-0.0841653       -0.0807334       -0.3054576      
0.0790105        -0.6504354       1.1381395       
-0.4653995       -0.6174412       -0.2340115      
0.1069186        0.7838878        0.0520572       
1.3176466        -0.4227702       0.5359555       
-0.2789421       0.0881264        0.5455538       
0.8790426        -0.3381189       -1.0920750      
0.4592433        1.3088890        -0.4721546      
0.8737201        -0.7682815       0.5630855       
0.7330663        -0.4392665       -0.2475800      
-0.4647657       1.3164564        0.3860697       
-0.3885456       -0.6232456       -0.4178420      
0.4374925        0.0597305        -0.0593997      
-0.2641497       0.7004252        0.5347988       
0.2290886        -0.4026130       0.5975246       
-0.3800241       0.0552113        -0.9472367      
-0.0008744       -1.4378005       0.1410580       
-0.2791334       0.3895576        0.4427719       
0.5001633        0.6025157        -0.0613545      
0.7136471        0.5250290        -0.5688640      
0.2641268        0.4738338        0.3159618       
0.4219303        0.8723139        -0.0127350      
0.3243585        0.9202948        0.3080532       
0.9797870        -0.4536931       -0.3655792      
-0.1979564       0.7215586        -0.2376649      
-0.1172202       -1.0321496       -0.1229732      
-0.6767390       -0.5161974       0.2961777       
0.3238686        -0.1010708       0.2186390       
0.7127870        0.5516233        -0.5821444      
-0.1003176       0.1368710        0.5622507       
0.4170536        0.4085347        0.0821119       
-0.5455589       -0.4457358       0.3800512       
-0.4205599       -0.1291846       1.2632486       
1.3469742        -0.3118851       0.2940312       
0.4014230        -0.2967760       0.8322974       
0.9672847        -1.3851600       -0.5572111      
0.5589890        -0.1199579       0.1343547       
-0.3916092       0.2384041        -0.0743756      
0.5441150        -0.0542268       -1.0928194      
0.4519231        -0.6010487       -0.3559450      
0.8546538        0.5035570        0.4368274       
0.4427098        0.5290576        1.0998920       
0.3558436        -0.7558639       -0.4276609      
0.1563634        -0.5968820       0.2138132       
-0.6413173       0.1457568        -0.2845851      
0.4290177        0.8123756        -0.1153245      
0.5232698        -0.4015074       0.6892281       
-0.0531763       1.3161673        0.4690182       
-0.0891801       -0.5673805       0.8906148       
-0.5982902       0.0743097        -0.5251570      
-0.6039237       1.2297127        -0.7088158      
-0.2817702       -0.1884686       -0.5710249      
-0.9634194       0.3698981        -0.8100538      
0.0631048        -0.0472680       -0.4180783      
-0.2916467       0.0329325        0.3330729       
-0.3549504       -0.4954079       0.6420691       
-0.8310297       -0.1394418       -0.1502122      
0.0614587        -0.6042273       0.5363592       
-0.5224068       -0.3266160       -0.9096308      
0.8771874        -0.2099595       -0.2809412      
0.4232953        0.5578163        -0.7014557      
1.0330841        0.7872263        0.7249039       
0.3910966        0.2641520        -0.0947213      
0.1736060        -0.6372055       0.3066302       
-0.4349888       0.2365683        -0.6774034      
-0.1695009       -0.3349375       -0.4384826      
-0.0962248       0.9445016        -0.1744444      
-0.1921092       0.2731497        -0.0445014      
0.5062131        -0.2127314       -0.0286463      
-0.1189105       -0.1242445       -0.5383908      
0.1845513        -0.9142577       0.7579967       
0.5029910        -0.5590612       -0.7770888      
-0.7228259       -0.2644771       -0.6717357      
0.1478027        0.9809808        0.6832380       
0.4251521        -0.5345391       -0.0548934      
-0.5241684       -0.1454963       0.4818278       
-0.7318857       0.9355156        0.1749223       
-0.9956739       1.0404948        -0.5472205      
0.0341155        -0.2916353       -1.6571232      
0.7619610        0.7504603        1.0341319       
0.4712989        0.0700187        -0.4926194      
-0.3356893       0.0227695        -0.1497307      
-0.8742068       -0.0843462       -0.4994181      
0.0740995        0.0187507        0.5380423       
-0.4586563       -0.1119992       0.0764446       
-1.2636305       0.3163781        0.3729240       
0.8102416        -0.4548758       -0.4511081      
-0.3017110       -0.4338361       -0.1636526      
0.6244958        -0.4705309       -0.9578727      
-0.3807704       0.6578090        -0.6257961      
0.1903619        0.1419800        0.9715540       
0.9673954        -0.1856325       0.2766719       
-0.8466190       0.0612269        0.6959062       
0.1114250        -0.3657736       -0.5590905      
-0.2412850       -0.4732417       -0.0665066      
-0.4908581       0.3457726        -0.6721735      
0.8598811        0.2849167        0.9387433       
0.4061341        -0.0127624       -0.9935446      
-0.4861572       0.1748261        -0.7489073      
0.7311390        1.3781940        0.0434968       
-0.4680899       -0.5996670       0.0542396       
0.8386911        -1.0382529       -0.7574456      
0.2358440        0.5110397        0.1479558       
0.3287599        -0.0212715       0.5751639       
0.0237139        -0.7667087       0.0250590       
-0.4071053       -1.0625600       0.4745665       
0.2235497        -1.1127675       0.3086099       
0.4962938        -0.6546704       -0.7527810      
-0.0102355       -0.1958938       -0.4097695      
-0.1913094       0.5601987        -0.6595502      
-0.4327061       0.1969988        0.8835676       
0.8046747        -0.5637312       -0.2864057      
-1.0030272       0.3168092        -0.4373286      
0.1627951        -1.1384094       0.3440356       
-0.5516460       -0.3841161       1.0774634       
0.2166427        -0.6628907       -0.5926157      
-0.4863621       -0.1388348       0.8170270       
0.7638294        -0.9400018       -0.1086883      
0.3500348        -0.7276133       -1.0282470      
0.0051797        0.4631816        0.0840563       
-0.3848841       0.3584088        -0.8896007      
-0.3969294       -0.7681913       0.6587158       
-0.5233388       -0.3401533       -0.2555864      
-0.1598496       0.1971745        1.0793413       
0.5497836        0.2263478        0.5971930       
0.0165440        -0.3211794       0.3731619       
0.2914439        -0.2690304       -1.2737578      
-0.2665312       0.3020471        0.6418929       
