0.0086368        -0.0018180       -0.0076946      
0.0205882        0.0052840        -0.0038999      
0.0178710        -0.0178309       0.0129619       
-0.0215607       0.0046674        -0.0160211      
-0.0225147       0.0022457        -0.0179245      
0.0106773        0.0178850        0.0134422       
0.0075828        0.0008506        -0.0102698      
-0.0122147       0.0047072        -0.0138184      
-0.0035581       0.0217602        -0.0158023      
-0.0023405       -0.0190434       -0.0278809      
-0.0093242       0.0061457        0.0021123       
0.0111866        -0.0001191       0.0055364       
0.0183287        -0.0120920       -0.0149732      
0.0178758        0.0232992        0.0018019       
-0.0140754       -0.0105802       0.0024581       
-0.0016752       0.0071390        0.0181450       
-0.0100960       -0.0137777       -0.0194680      
0.0087360        0.0075971        -0.0142650      
0.0118082        0.0081097        -0.0004610      
-0.0181541       -0.0125424       -0.0155787      
0.0085572        0.0149547        0.0071621       
0.0239208        -0.0031920       0.0089377       
0.0058864        0.0082027        -0.0068076      
0.0125885        0.0021290        -0.0252395      
-0.0054405       0.0019682        0.0143342       
-0.0094562       0.0222009        -0.0213805      
-0.0063515       -0.0145096       -0.0240893      
-0.0008924       0.0094675        -0.0109140      
-0.0128516       0.0156136        0.0123548       
-0.0007337       0.0058144        -0.0174761      
0.0135406        0.0151162        0.0091341       
-0.0084473       -0.0045701       0.0232152       
0.0029962        0.0027481        0.0266661       
0.0042405        0.0226248        -0.0027302      
-0.0208084       -0.0152031       -0.0045484      
-0.0021521       -0.0101914       -0.0128403      
0.0097208        0.0080256        -0.0202505      
-0.0083678       -0.0309489       0.0022593       
-0.0082787       0.0024338        0.0109309       
0.0003063        -0.0277505       -0.0129230      
0.0162112        -0.0052817       -0.0246692      
0.0068013        -0.0058400       -0.0314892      
0.0185574        -0.0176258       -0.0101368      
-0.0051690       -0.0096914       -0.0121635      
-0.0049332       0.0136494        -0.0124355      
0.0187293        -0.0237507       0.0126886       
0.0172376        -0.0173053       0.0068919       
0.0099973        -0.0240494       -0.0214308      
0.0154084        0.0202233        -0.0000530      
-0.0084438       -0.0088547       0.0081183       
0.0173819        0.0038824        -0.0118286      
-0.0198358       0.0016502        -0.0155262      
0.0091272        -0.0081970       0.0073372       
0.0161092        -0.0082613       0.0193983       
-0.0052221       -0.0054143       0.0184556       
-0.0107065       -0.0099981       -0.0150611      
0.0062633        0.0135895        0.0237065       
0.0040501        0.0057428        0.0167073       
-0.0071908       0.0143873        0.0044292       
-0.0022345       -0.0071292       -0.0009214      
-0.0072789       0.0028213        0.0183886       
-0.0090190       -0.0072950       -0.0038554      
0.0229376        0.0072465        -0.0068515      
-0.0107526       -0.0120662       -0.0109820      
-0.0074103       0.0000596        -0.0168543      
0.0002171        -0.0111895       -0.0053452      
0.0220516        -0.0064756       -0.0003844      
-0.0037482       0.0054084        0.0191998       
-0.0075804       -0.0123521       -0.0071115      
-0.0029923       0.0233926        -0.0144287      
-0.0173408       -0.0123085       0.0029626       
0.0034876        0.0072732        -0.0159036      
0.0090633        -0.0071574       0.0206109       
0.0017033        0.0148843        0.0165046       
0.0009018        -0.0027139       0.0152494       
-0.0042632       -0.0046248       0.0156167       
-0.0004345       0.0037225        0.0293181       
0.0129242        0.0135349        0.0058663       
0.0059555        -0.0176205       -0.0007933      
-0.0029872       0.0091430        0.0133914       
-0.0092598       -0.0228741       -0.0051300      
-0.0113684       0.0088557        -0.0090209      
-0.0067744       -0.0239942       0.0055015       
0.0027733        0.0281426        -0.0047202      
-0.0140056       -0.0101322       0.0037480       
-0.0010322       -0.0225046       -0.0136837      
0.0045076        0.0176556        0.0244766       
0.0244697        0.0028522        0.0084465       
-0.0260177       0.0047701        -0.0139031      
-0.0003804       -0.0018792       0.0299957       
0.0063576        -0.0045261       0.0246294       
0.0030677        -0.0140588       -0.0029731      
-0.0163238       0.0123634        0.0069850       
0.0027270        0.0109672        0.0239453       
0.0000171        -0.0091365       0.0244779       
0.0035822        0.0079200        -0.0183449      
-0.0012517       -0.0135271       0.0071454       
-0.0234576       0.0176830        0.0048940       
-0.0281914       0.0150876        -0.0020385      
0.0036733        -0.0113899       0.0203987       
0.0086622        -0.0164520       -0.0160662      
0.0027891        0.0019939        0.0188591       
-0.0146500       -0.0152469       0.0172405       
0.0035168        -0.0090575       0.0179045       
0.0099100        -0.0121597       -0.0107538      
-0.0048214       -0.0089533       0.0127561       
-0.0302328       -0.0059498       0.0014775       
0.0223039        -0.0091391       0.0015613       
0.0172529        -0.0043555       0.0171948       
0.0084563        0.0005795        -0.0140619      
0.0126076        0.0055719        -0.0164074      
0.0048496        0.0102456        -0.0269985      
0.0258056        0.0036611        -0.0128898      
0.0021612        -0.0287881       0.0174422       
0.0044585        0.0042694        -0.0359608      
-0.0056200       0.0196288        -0.0026245      
0.0134189        0.0241845        0.0060759       
-0.0059005       -0.0362403       0.0154617       
0.0017004        0.0044419        0.0311558       
0.0009986        0.0165616        -0.0071390      
-0.0049987       0.0077541        0.0178329       
-0.0262872       0.0096746        0.0256774       
0.0143105        -0.0005008       -0.0093507      
0.0023827        -0.0106408       -0.0350283      
0.0243505        -0.0027331       -0.0215175      
0.0251357        -0.0098323       0.0115299       
-0.0210913       0.0215954        0.0056536       
-0.0247542       -0.0106517       -0.0173559      
0.0093809        -0.0261844       0.0117754       
0.0320409        0.0032989        0.0015142       
-0.0104758       -0.0096410       0.0140247       
0.0027259        -0.0099926       0.0138820       
0.0128267        0.0244030        0.0120441       
-0.0055258       -0.0214080       -0.0025034      
0.0134451        -0.0086821       0.0166845       
-0.0316462       -0.0132034       0.0158392       
0.0292687        0.0031830        0.0098980       
0.0250484        -0.0336196       -0.0008237      
0.0091145        -0.0000249       0.0282001       
-0.0049453       -0.0289705       -0.0074024      
0.0065740        -0.0131073       -0.0248293      
-0.0161813       -0.0009843       0.0099102       
0.0012496        -0.0289236       -0.0021580      
-0.0087379       0.0068754        0.0040017       
0.0096755        -0.0205632       -0.0051858      
0.0197084        0.0164225        0.0113484       
-0.0269347       -0.0091775       -0.0205457      
-0.0159472       0.0072956        -0.0224256      
0.0138347        -0.0054936       0.0200071       
0.0143866        -0.0062736       0.0266822       
-0.0013379       0.0306468        -0.0029410      
-0.0274982       0.0052097        0.0069486       
-0.0045931       -0.0254507       -0.0036644      
0.0184155        0.0399733        0.0125584       
-0.0347557       0.0052633        -0.0156103      
-0.0275591       0.0151109        0.0116157       
-0.0158072       0.0007721        0.0315170       
0.0116169        -0.0122569       -0.0255353      
0.0019110        -0.0207372       0.0010526       
-0.0176403       0.0000617        -0.0098997      
0.0228489        0.0018609        -0.0035192      
0.0061960        0.0310990        0.0086205       
0.0024908        -0.0076153       0.0198378       
0.0183974        0.0214909        -0.0071361      
-0.0100346       -0.0105051       0.0304569       
-0.0101895       -0.0178591       -0.0015056      
-0.0173903       -0.0037961       0.0034900       
0.0092377        0.0022887        0.0133230       
-0.0012638       0.0045868        -0.0142472      
-0.0034925       0.0207804        -0.0020482      
0.0043622        0.0312295        -0.0065289      
0.0217202        -0.0014129       -0.0071620      
0.0102200        0.0161844        0.0066209       
-0.0133646       0.0048003        0.0251935       
0.0058792        0.0165047        -0.0012418      
0.0226553        0.0018051        0.0172447       
0.0159895        0.0173049        0.0140630       
-0.0067811       -0.0179302       0.0329451       
-0.0204815       -0.0036224       0.0222131       
-0.0079084       0.0238728        0.0130009       
-0.0334587       -0.0099071       -0.0006898      
-0.0128895       0.0428348        -0.0087512      
-0.0240418       -0.0035799       0.0046724       
0.0100668        0.0109168        0.0038017       
-0.0259729       0.0012856        -0.0035588      
0.0089642        0.0208506        -0.0124090      
0.0161187        -0.0156640       0.0074379       
0.0068866        0.0087092        -0.0139635      
0.0085946        -0.0074736       -0.0018850      
0.0020176        -0.0080471       -0.0281449      
-0.0032302       -0.0122715       0.0177909       
0.0019346        0.0253155        -0.0037653      
-0.0208308       0.0093921        0.0005372       
-0.0162784       0.0101935        -0.0088536      
-0.0157441       -0.0085366       -0.0000440      
0.0102647        0.0287415        0.0208551       
-0.0055792       -0.0173782       0.0193394       
-0.0239970       -0.0105121       0.0189918       
0.0074342        0.0064624        -0.0320766      
-0.0104308       -0.0044667       -0.0095349      
0.0151403        -0.0094026       -0.0127240      
0.0151882        -0.0052643       0.0023263       
-0.0085706       0.0184369        -0.0252738      
-0.0047792       0.0044139        -0.0348035      
-0.0092250       0.0196860        -0.0064916      
0.0201321        0.0111048        -0.0101205      
0.0033853        -0.0316268       0.0087536       
0.0023853        -0.0235524       -0.0236537      
0.0215039        0.0181674        -0.0254922      
-0.0250825       -0.0157693       0.0141301       
-0.0240361       0.0158294        -0.0029221      
-0.0234805       0.0064875        -0.0144431      
-0.0170305       -0.0209450       -0.0221316      
0.0187574        0.0058835        -0.0181446      
-0.0115925       0.0254788        -0.0408080      
0.0235923        0.0153518        -0.0148610      
