-0.0833793       0.1813090        -0.0702342      
-0.0529769       0.1312363        -0.1138599      
-0.1251674       0.1244412        -0.0364444      
0.0798870        -0.0389743       0.0396668       
0.0833766        -0.0738602       0.2324841       
-0.0748221       -0.0412557       -0.0818320      
0.1218143        0.0292468        -0.0248658      
-0.0564871       0.0174677        0.0822467       
-0.1013309       0.0578075        0.1377315       
-0.1162529       -0.1606783       0.1311833       
0.1901752        -0.0002914       -0.0791947      
0.0380414        0.0636805        0.0232718       
0.0842627        -0.0527442       0.0971153       
-0.1511773       0.0881708        -0.1112010      
-0.1234057       0.0338971        -0.1867426      
-0.0135173       -0.0595318       0.1389755       
0.0580503        0.0588619        -0.0336715      
-0.0804059       -0.0699816       0.1141582       
0.0407383        -0.0887046       0.0122706       
0.0528048        -0.0480392       0.0244793       
-0.0002837       0.0315230        -0.0028917      
0.0124278        -0.2159887       0.1245052       
-0.0802562       -0.0299553       -0.1472622      
-0.1457889       0.1668195        0.0354068       
0.0933455        -0.0661325       -0.0322800      
0.1664916        -0.0763576       0.1084429       
-0.0304370       0.0039337        0.2023345       
-0.1350275       -0.0680920       -0.0665092      
0.1142839        -0.2127081       -0.0553921      
-0.1804711       0.0114821        0.0112124       
-0.0390530       0.1406279        -0.0367570      
0.0083951        -0.0367247       -0.1698035      
0.0470826        -0.1324869       0.0886067       
0.0150714        0.0549006        -0.0531120      
-0.1817494       0.0788556        -0.1024878      
-0.0195379       -0.0146877       0.0621605       
0.0578103        0.1184672        0.1433263       
-0.0391254       0.0649018        -0.0934814      
-0.0761341       -0.0479619       -0.0384408      
-0.0425690       0.0593751        0.1127162       
0.0558625        0.0487142        0.0243937       
0.0902814        -0.1078998       0.0521693       
0.1428326        0.0950998        0.0678216       
-0.0739623       0.1150575        -0.0516517      
-0.1853307       0.0659271        0.1138677       
-0.0455894       -0.1312864       0.1954616       
0.0772233        0.0364085        0.1676189       
-0.0632796       0.1274280        -0.0285769      
-0.0394823       -0.0509074       -0.0194816      
-0.0376133       -0.0253100       0.0309050       
0.0899859        -0.0956885       0.1247379       
-0.0509229       -0.1224462       0.0906993       
-0.0300699       0.1741085        0.1171486       
-0.0163239       -0.0933630       -0.2339800      
-0.0222405       -0.0617471       0.1746023       
0.2304327        0.0612980        -0.0924015      
0.1384783        -0.1877349       0.0134638       
-0.1365658       -0.1458988       0.0787768       
0.1500122        0.0434657        0.0192709       
0.1149255        -0.0593368       0.0486018       
-0.0202412       -0.2349292       -0.1355991      
0.0397093        0.0087116        -0.1347940      
-0.0064858       0.0427858        -0.0577669      
0.0573343        -0.0472088       0.1244611       
0.0051465        -0.1038586       -0.0456984      
0.0916610        -0.0036581       0.0930642       
-0.0290863       -0.0862162       0.1708605       
-0.0065151       -0.0580842       -0.0069614      
0.0094975        0.0425063        -0.1195365      
0.1532374        0.1011024        0.0591821       
0.1049630        0.1033050        -0.0424854      
0.0262827        -0.0539551       -0.1139958      
0.0771886        -0.0767597       -0.0834797      
-0.0069260       0.1710490        0.1113578       
-0.0365406       0.1017433        -0.0061251      
0.0305590        0.0728424        -0.1262767      
-0.0312728       -0.0395162       0.0327213       
0.0139399        0.1237995        0.0502989       
0.0796393        0.0733890        0.0442917       
0.1935819        0.0510929        -0.0580599      
0.1862568        -0.0025104       0.0177236       
0.1536487        0.0460026        0.1450640       
0.0197517        -0.0158401       -0.1189466      
0.1144200        0.0935397        -0.1263572      
-0.1134631       -0.0297412       -0.0352298      
-0.0472133       -0.0434833       -0.1472419      
0.0388491        0.0224925        0.0683649       
0.0167084        0.1334217        0.0212794       
-0.0325844       -0.1370658       0.0387701       
0.1021660        0.0810358        -0.0568870      
-0.1761911       -0.0113737       -0.0815167      
0.1535062        0.0732274        -0.0249660      
0.0430353        -0.1242330       -0.1161943      
0.0519054        -0.0657371       -0.0873766      
-0.1220274       -0.0879290       0.0481632       
0.2153127        0.0305416        0.0275579       
-0.0980970       0.0319329        -0.1245208      
-0.1632863       -0.0984352       -0.0146134      
0.1033586        -0.1539985       0.0364075       
-0.1486619       -0.0245139       -0.1193383      
0.1136142        -0.0578503       0.0051238       
-0.0170616       0.0183100        -0.1338161      
0.0512310        -0.0320065       0.0129402       
-0.0754633       0.0163191        0.0479551       
-0.1720981       0.1116200        -0.1539867      
-0.1186652       0.1444121        0.1549474       
-0.1129289       0.0430021        0.0534230       
-0.0161683       0.1787942        0.1046090       
0.1567034        -0.1778098       0.0332999       
0.0530669        -0.0447280       0.0387847       
0.0702189        -0.0624127       0.1080137       
0.0593917        -0.0171929       -0.1055214      
-0.1137074       0.0074445        0.0046871       
-0.0504595       0.1611105        0.0669967       
-0.0716296       -0.1485327       -0.1429594      
-0.1101567       0.0911338        -0.0864435      
0.1505265        0.0137259        -0.1686258      
0.0310714        0.1658586        -0.0534549      
-0.0064475       0.0281218        -0.1409607      
0.0846736        -0.0844079       -0.1706653      
0.0129761        -0.0878041       0.0787566       
0.0302280        0.0177909        0.1149505       
0.2019226        0.0026151        0.0049463       
-0.1506531       -0.0181407       -0.0363487      
0.0991804        -0.0087636       0.1000945       
0.1388330        -0.0775964       0.0324325       
0.0954548        -0.0448526       0.0122115       
0.0162376        -0.0413711       -0.1593999      
0.0118886        0.1618410        -0.1970602      
-0.0018984       0.0956080        -0.1229883      
0.0469489        -0.0559779       0.0825753       
0.0375923        0.0131055        -0.0804479      
-0.1217750       0.1578286        -0.0251258      
0.0829018        -0.0930917       -0.1254855      
0.1313662        -0.1076522       -0.1180932      
-0.0660831       0.0439417        0.2231326       
0.0449557        0.1367583        0.1539468       
-0.1601742       0.1447891        0.0883941       
0.0191453        -0.0553692       0.0705285       
0.0580229        0.0600758        -0.0259395      
-0.0020795       0.0999386        0.1297846       
0.0784990        -0.1391680       0.1345041       
-0.0138620       0.0684565        0.0394968       
-0.0948367       0.0799553        0.0384860       
-0.1874106       -0.0176182       -0.1224665      
-0.0882656       0.0438529        0.0085697       
0.1369483        -0.0215807       0.0223272       
-0.0293550       0.0718874        -0.0453925      
-0.0862230       -0.0241541       -0.0848023      
-0.0133777       -0.1571081       0.1014980       
-0.1011070       -0.0238258       0.0300641       
-0.0350393       0.0510042        -0.0592629      
0.0586836        0.1729695        -0.1408170      
-0.1460952       0.1420019        -0.0634166      
0.0420568        -0.2006123       -0.1231284      
0.0601485        -0.1095889       0.0424169       
0.1214076        -0.0273866       0.0568921       
0.0107245        0.1064885        -0.0793582      
-0.0378952       -0.0772047       -0.1309000      
-0.0154762       0.1717386        -0.0547644      
-0.1562351       -0.0110766       -0.0872509      
0.0495741        0.0898120        0.0824799       
-0.1674744       -0.0731570       0.0608032       
-0.2117823       0.0754389        -0.0531682      
0.0655236        0.1490240        -0.1019124      
0.1490852        -0.0175810       0.1903595       
-0.0361549       -0.1801035       0.0167364       
0.1158161        -0.0317883       0.0597829       
0.0970539        0.0590175        0.2487177       
0.0313463        0.0323895        0.1097075       
-0.0942581       0.0365922        0.0209058       
0.0712302        -0.0913713       -0.1032835      
0.0285295        -0.0421774       -0.0166932      
-0.0266545       0.0627180        -0.1404118      
-0.0540061       0.0552554        -0.0582400      
-0.0026403       -0.0794390       0.0305758       
0.0183603        -0.0615056       0.1048170       
-0.2256603       -0.1102220       0.0967869       
-0.1897130       0.0314433        0.0739978       
-0.0243865       0.0526970        0.1755287       
0.0293305        -0.0028972       0.0311000       
-0.1990721       -0.0157676       -0.0303013      
-0.1650051       0.0887260        0.0074853       
-0.0521417       0.0545378        -0.1093364      
0.0506935        0.0567905        0.0591074       
-0.0992268       -0.0857598       0.1082807       
-0.1481636       -0.1286739       0.0870426       
-0.1541451       0.0288209        0.1570825       
-0.1051361       -0.1258193       0.1029451       
-0.1304805       -0.0958356       -0.0497814      
-0.1255514       0.1004869        -0.0489547      
0.0297962        -0.0576484       -0.0428329      
0.0907963        -0.0397986       -0.0124881      
-0.0043093       0.0801774        0.1165183       
-0.0540230       0.0149748        -0.1770539      
0.0106577        0.0479565        0.0961705       
-0.0522050       0.0437211        0.0962017       
-0.0387509       0.0316400        -0.0644638      
0.0471371        -0.0481896       0.1060093       
-0.0734313       -0.0395562       -0.1358714      
0.1187014        -0.0711821       0.0624748       
0.0749538        0.0679793        -0.2146905      
0.1478386        -0.0987761       0.1022061       
-0.1368618       -0.1059918       -0.0271885      
0.2620923        -0.0046336       0.0145732       
0.0624632        0.0877666        -0.1129801      
0.0772882        0.0256284        -0.0967590      
0.0499459        0.1116468        -0.0655083      
-0.0281206       -0.1011540       -0.1362817      
0.0424611        0.0518809        -0.0345065      
0.0911659        -0.1544968       -0.0697806      
0.1406178        0.0504955        -0.0272517      
0.0977808        0.0872369        0.0361806       
-0.0460137       -0.0584290       -0.1174949      
-0.0185496       -0.0045828       0.1099756       
-0.0667370       -0.1191438       -0.0601034      
